9 2 6 3 5 1 4 7 8                   
7 8 5 6 2 4 3 9 1                   
3 1 4 8 9 7 2 6 5                   
8 3 2 1 6 9 7 5 4                   
1 4 7 5 8 3 9 2 6                   
6 5 9 7 4 2 1 8 3                   
4 6 1 9 7 5 8 3 2 9 6 5 1 4 7 
2 9 8 4 3 6 5 1 7 2 3 4 8 6 9 
5 7 3 2 1 8 6 4 9 1 8 7 5 2 3 
                  1 9 8 3 2 6 7 5 4 
                  2 5 3 7 4 9 6 8 1 
                  7 6 4 5 1 8 9 3 2 
                  9 2 1 6 5 3 4 7 8 
                  4 7 6 8 9 2 3 1 5 
                  3 8 5 4 7 1 2 9 6 
